e1: [(34362, 34405)]

e2: [5327, 5331, 5337, (5344, 5345), (5349, 5398), (5400, 5423), 5425, (5427, 5453), (5455, 5457), 5459, (5461, 5468), (5470, 5579), (5581, 5647), 5649, (5651, 5660), 5662, (34358, 34405)]

e3: [30492, 30502, 30505, 30508, (30511, 30512), 30514, (30517, 30520), (30522, 30523), 30525, 30530, (30533, 30535), (30538, 30539), (30541, 30563), (30565, 30566), 30570, 30572, 30574, (30576, 30587), 30589, (30591, 30592), (30594, 30597), (30599, 30600), 30602, (30604, 30608), (30610, 30616), (30618, 30632), 30634, (30636, 30637), 30640, 30642, (30649, 30653), (34358, 34405)]

e4: [(34352, 34405)]

e5: [(34358, 34405)]

e6: [(482, 581), (656, 746), (776, 860), (884, 962), (1080, 1167), (1340, 1436), (1576, 1655), (1681, 1759), (1777, 1857), (2195, 2285), (2345, 2446), (2677, 2814), (2964, 3043), (3080, 3116), (3256, 3335), (3466, 3532), (3692, 3791), (3981, 4100), (34358, 34405)]

e7: [(34358, 34405)]

e8: [(671, 790), (812, 949), (1104, 1218), (1246, 1346), (1383, 1473), (1490, 1578), (1794, 1892), (1923, 2012), (2071, 2155), (2373, 2462), (2514, 2615), (2633, 2726), (2756, 2853), (3032, 3123), (3365, 3460), (3647, 3739), (3773, 3862), (34358, 34405)]

e10: [(2555, 2612), (2624, 2739), (2750, 2811), (2817, 2876), (2881, 2939), (2943, 3001), (3010, 3133), (3206, 3270), (3300, 3396), (3431, 3484), (3493, 3547), (3623, 3681), (3692, 3753), (4140, 4197), (4236, 4297), (4402, 4578)]
e1: [(34362, 34405)]

e2: [5327, 5331, 5337, (5344, 5345), (5349, 5398), (5400, 5423), 5425, (5427, 5453), (5455, 5457), 5459, (5461, 5468), (5470, 5579), (5581, 5647), 5649, (5651, 5660), 5662, (34358, 34405)]

e3: [30492, 30502, 30505, 30508, (30511, 30512), 30514, (30517, 30520), (30522, 30523), 30525, 30530, (30533, 30535), (30538, 30539), (30541, 30563), (30565, 30566), 30570, 30572, 30574, (30576, 30587), 30589, (30591, 30592), (30594, 30597), (30599, 30600), 30602, (30604, 30608), (30610, 30616), (30618, 30632), 30634, (30636, 30637), 30640, 30642, (30649, 30653), (34358, 34405)]

e4: [(34352, 34405)]

e5: [(34358, 34405)]

e6: [(482, 581), (656, 746), (776, 860), (884, 962), (1080, 1167), (1340, 1436), (1576, 1655), (1681, 1759), (1777, 1857), (2195, 2285), (2345, 2446), (2677, 2814), (2964, 3043), (3080, 3168), (3256, 3335), (3466, 3532), (3692, 3791), 3981, (34358, 34405)]

e7: [(34358, 34405)]

e8: [(812, 949), (1104, 1218), (1246, 1346), (1383, 1473), (1490, 1578), (1794, 1892), (1923, 2012), (2071, 2155), (2173, 2252), (2373, 2462), (2514, 2615), (2633, 2726), (2756, 2853), (3032, 3123), (3365, 3460), (3647, 3739), (3773, 3862), (34358, 34405)]

e9: [(32125, 32190), (32211, 32274), (32302, 32376), (32397, 32469), (32497, 32595), (32626, 32691), (32725, 32814), (32833, 32922), (32960, 33024), (33040, 33106), (33124, 33199), (33214, 33321), (33339, 33417), (33458, 33535), (33557, 33637), (33659, 33750), (33782, 33880), (33934, 34045), (34358, 34405)]

e12 errs: 34069/34070 frames
e1 dones: 34429/34430 frames
e2 dones: 34429/34430 frames
e3 dones: 34429/34430 frames
e4 dones: 34429/34430 frames
e5 dones: 34429/34430 frames
e6 dones: 34429/34430 frames
e7 dones: 34429/34430 frames
e8 dones: 34429/34430 frames
e9 dones: 34429/34430 frames
e10 errs: 34069/34070 frames

e1: [(34362, 34405)]

e2: [5327, 5331, 5337, (5344, 5345), (5349, 5398), (5400, 5423), 5425, (5427, 5453), (5455, 5457), 5459, (5461, 5468), (5470, 5579), (5581, 5647), 5649, (5651, 5660), 5662, (34358, 34405)]

e3: [30492, 30502, 30505, 30508, (30511, 30512), 30514, (30517, 30520), (30522, 30523), 30525, 30530, (30533, 30535), (30538, 30539), (30541, 30563), (30565, 30566), 30570, 30572, 30574, (30576, 30587), 30589, (30591, 30592), (30594, 30597), (30599, 30600), 30602, (30604, 30608), (30610, 30616), (30618, 30632), 30634, (30636, 30637), 30640, 30642, (30649, 30653), (34358, 34405)]

e4: [(34352, 34405)]

e5: [(34358, 34405)]

e6: [(482, 581), (656, 746), (776, 860), (884, 962), (1080, 1167), (1340, 1436), (1576, 1655), (1681, 1759), (1777, 1857), (2195, 2285), (2345, 2446), (2677, 2814), (2964, 3043), (3080, 3168), (3256, 3335), (3466, 3532), (3692, 3791), 3981, (34358, 34405)]

e7: [(34358, 34405)]

e8: [(812, 949), (1104, 1218), (1246, 1346), (1383, 1473), (1490, 1578), (1794, 1892), (1923, 2012), (2071, 2155), (2173, 2252), (2373, 2462), (2514, 2615), (2633, 2726), (2756, 2853), (3032, 3123), (3365, 3460), (3647, 3739), (3773, 3862), (34358, 34405)]

e9: [(32125, 32190), (32211, 32274), (32302, 32376), (32397, 32469), (32497, 32595), (32626, 32691), (32725, 32814), (32833, 32922), (32960, 33024), (33040, 33106), (33124, 33199), (33214, 33321), (33339, 33417), (33458, 33535), (33557, 33637), (33659, 33750), (33782, 33880), (33934, 34045), (34358, 34405)]

e10: no differences found
