e1: [(9104, 9205), (32792, 32838), (32853, 32899), (32912, 32956), (32968, 33012), (33027, 33072), (33086, 33130), (33146, 33190), (33207, 33252), (33268, 33314), (33334, 33379), (33395, 33441), (33458, 33503), (33521, 33567), (33590, 33636), (33654, 33698), (33715, 33760), (33771, 33815), (33834, 33878), (34358, 34405)]

e2: [(12286, 12379), (34358, 34405)]

e3: [(34358, 34405)]

e4: [(4994, 5070), (34358, 34405)]

e5: [(34358, 34405)]

e6: [(34358, 34405)]

e7: [(34358, 34405)]

e8: [(27421, 27489), (34358, 34405)]

e9: [(34358, 34405)]

e10: [(34358, 34405)]

e11: [(34358, 34405)]

e12: err
e12: [(4342, 4433), 4435, (4823, 4889), (4907, 4976), (5040, 5130), (5133, 5225), (5260, 5335), (5338, 5427), (5432, 5536), 5538, (5540, 5640), (5654, 5723), (5735, 6235), (6238, 6241), (6321, 6409), (6418, 6593), (30851, 30925), (30950, 31025), (31041, 31117), (31137, 31211), (31231, 31306), (31336, 31412), (31431, 31506), (31522, 31598), (31610, 31686), (31709, 31785), (31822, 31893), (31905, 31977), (31987, 32080), (32092, 32180), 32205, (32214, 32296), (32308, 32351), (32364, 32373), (32384, 32386), (32388, 32410), 32427, 32429, (32431, 32434), 32436, (32445, 32448), 32450, 32454, (32461, 32463), (32466, 32467), 32469, 32471, 32478, 32482, 32484, (32492, 32494), (32503, 32506), (32513, 32521), 32543, (32550, 32553), 32557, (32562, 32563), (32570, 32571), 32573, 32577, (33352, 33424), (33435, 33509), (33524, 33611), (33731, 33806), (33844, 33918), (33962, 34045)]
